9, 8, 4, 4, 0, -1, -6, -6, -7, -12, -14, -16, -19, -22, -30, -31, -33, -37, -47, -52, -56, -57, -57, -59, -68, -74, -78, -84, -86, -93, -94, -95, -96, -98, -100, -103, -104, -108, -109, -119, -120, -124, -132, -141, -151, -161, -171, -181, -191, -201, -211, -221, -231, -241, -251, -260, -270, -280, -290, -299, -307, -307, -311, -316, -318, -319, -320, -322, -324, -332, -333, -340, -342, -344, -349, -357, -361, -361, -364, -364, -372, -376, -378, -385, -388, -390, -396, -398, -403, -408, -414, -416, -418, -419, -420, -424, -434, -438, -446, -450, 
8, 17, 17, 17, 16, 15, 6, 0, -3, -4, -4, -9, -14, -15, -22, -32, -41, -46, -47, -49, -49, -55, -65, -67, -68, -71, -73, -78, -83, -85, -91, -92, -97, -98, -108, -118, -126, -134, -137, -139, -141, -143, -144, -149, -157, -162, -163, -164, -165, -171, -177, -178, -181, -185, -185, -189, -193, -198, -201, -211, -221, -231, -235, -241, -243, -246, -255, -262, -262, -264, -270, -272, -272, -275, -283, -293, -303, -310, -312, -322, -324, -327, -335, -345, -354, -360, -360, -364, -373, -374, -379, -387, -389, -399, -408, -414, -420, -423, -423, -427, 
6, 6, 3, -1, -10, -20, -30, -34, -36, -45, -50, -56, -59, -59, -61, -63, -68, -74, -74, -74, -75, -77, -77, -78, -84, -85, -92, -99, -102, -104, -104, -106, -112, -122, -132, -142, -148, -149, -152, -158, -164, -165, -166, -173, -181, -181, -191, -196, -203, -204, -209, -217, -224, -228, -236, -246, -256, -259, -264, -266, -271, -278, -281, -284, -289, -290, -294, -304, -309, -314, -324, -331, -341, -345, -346, -346, -346, -350, -351, -352, -353, -361, -362, -363, -367, -370, -374, -377, -379, -381, -387, -391, -394, -403, -412, -422, -430, -437, -444, -454, 
9, 8, 3, -2, -5, -8, -18, -22, -25, -28, -33, -33, -33, -38, -39, -40, -42, -47, -55, -65, -72, -76, -79, -84, -86, -88, -92, -95, -96, -98, -102, -108, -110, -114, -117, -126, -133, -134, -141, -149, -149, -149, -150, -151, -155, -160, -164, -167, -174, -184, -190, -192, -198, -199, -202, -202, -202, -210, -214, -218, -224, -225, -226, -226, -227, -232, -240, -247, -249, -257, -263, -265, -275, -279, -284, -289, -291, -295, -296, -297, -303, -313, -317, -318, -328, -332, -332, -339, -341, -347, -357, -359, -361, -363, -369, -370, -377, -384, -394, -404, 
5, 1, -9, -19, -29, -39, -49, -54, -60, -68, -73, -73, -80, -81, -81, -87, -90, -99, -107, -117, -127, -137, -144, -150, -153, -160, -160, -170, -180, -190, -190, -190, -191, -195, -205, -215, -225, -235, -238, -244, -249, -250, -251, -256, -260, -261, -263, -265, -267, -272, -275, -277, -282, -284, -285, -290, -294, -300, -302, -309, -317, -321, -322, -323, -323, -327, -327, -333, -339, -343, -343, -347, -352, -359, -366, -369, -373, -376, -383, -389, -394, -404, -414, -418, -423, -423, -425, -427, -429, -429, -429, -431, -431, -433, -436, -438, -448, -455, -463, -467, 
4, 4, 4, 3, 1, -3, -12, -14, -20, -27, -33, -38, -47, -56, -59, -61, -62, -64, -74, -84, -90, -93, -98, -105, -106, -106, -108, -115, -118, -119, -122, -126, -128, -131, -141, -151, -156, -157, -160, -170, -176, -182, -182, -186, -196, -206, -216, -224, -230, -240, -248, -258, -266, -269, -269, -270, -271, -273, -283, -293, -303, -313, -322, -331, -340, -347, -351, -356, -363, -364, -367, -370, -372, -380, -383, -383, -383, -389, -399, -409, -415, -417, -419, -420, -423, -427, -428, -428, -431, -434, -434, -440, -450, -452, -453, -459, -463, -466, -470, -471, 
10, 15, 15, 15, 15, 14, 6, -2, -6, -8, -13, -20, -30, -40, -45, -50, -51, -55, -55, -56, -62, -64, -68, -69, -73, -80, -85, -92, -94, -95, -103, -104, -109, -110, -117, -118, -120, -120, -120, -126, -130, -130, -130, -130, -130, -135, -143, -146, -149, -151, -153, -160, -163, -165, -169, -174, -176, -177, -184, -185, -187, -191, -199, -209, -211, -214, -216, -221, -222, -223, -232, -242, -248, -251, -254, -257, -264, -270, -270, -270, -277, -287, -292, -292, -295, -303, -308, -318, -327, -333, -334, -339, -339, -340, -348, -354, -363, -373, -383, -393, 
9, 9, 8, 6, -1, -7, -15, -24, -31, -33, -41, -44, -47, -51, -58, -66, -76, -86, -93, -94, -98, -99, -109, -114, -124, -134, -136, -139, -139, -139, -143, -146, -151, -154, -156, -157, -167, -173, -178, -178, -182, -185, -190, -192, -196, -198, -201, -203, -207, -208, -209, -210, -211, -216, -217, -220, -227, -228, -229, -230, -232, -232, -239, -241, -243, -246, -249, -251, -258, -258, -265, -271, -274, -277, -281, -284, -285, -294, -302, -309, -309, -310, -317, -321, -322, -331, -334, -342, -344, -345, -345, -348, -348, -351, -352, -356, -366, -368, -372, -378, 
10, 17, 17, 7, 0, -2, -4, -6, -6, -10, -11, -15, -23, -25, -25, -29, -33, -40, -41, -43, -46, -48, -51, -53, -54, -57, -57, -57, -60, -64, -72, -75, -80, -81, -86, -92, -102, -103, -109, -111, -115, -121, -128, -131, -134, -134, -138, -141, -142, -145, -148, -148, -148, -157, -167, -177, -187, -197, -203, -205, -209, -211, -218, -220, -221, -226, -230, -231, -236, -244, -250, -253, -259, -269, -279, -280, -283, -293, -303, -313, -323, -333, -342, -349, -351, -356, -366, -376, -386, -393, -395, -396, -400, -405, -408, -418, -428, -435, -436, -438, 
7, 4, 2, -1, -5, -7, -8, -11, -17, -26, -30, -32, -35, -41, -41, -44, -46, -47, -50, -52, -55, -56, -62, -64, -65, -66, -67, -71, -72, -77, -85, -88, -93, -96, -100, -104, -106, -113, -122, -127, -134, -135, -136, -141, -149, -159, -163, -166, -167, -173, -183, -192, -197, -198, -203, -213, -216, -222, -225, -229, -232, -237, -237, -238, -238, -242, -242, -243, -244, -248, -253, -259, -266, -269, -274, -283, -291, -301, -311, -321, -324, -328, -331, -333, -336, -338, -339, -349, -359, -366, -367, -371, -379, -389, -395, -399, -402, -403, -405, -407, 
10, 14, 11, 5, -1, -2, -7, -7, -9, -12, -18, -18, -22, -32, -35, -39, -40, -42, -49, -53, -54, -57, -60, -63, -63, -65, -67, -71, -78, -79, -80, -83, -83, -91, -95, -96, -100, -103, -105, -110, -118, -119, -124, -129, -133, -143, -146, -152, -154, -154, -160, -166, -174, -180, -188, -197, -200, -201, -207, -216, -226, -231, -239, -241, -242, -243, -243, -246, -252, -253, -255, -256, -256, -259, -261, -266, -275, -277, -279, -286, -291, -294, -296, -300, -302, -302, -306, -307, -310, -310, -315, -322, -331, -336, -343, -346, -348, -349, -354, -364, 
7, 5, 4, 4, 0, -10, -20, -25, -28, -29, -32, -37, -40, -50, -60, -70, -80, -90, -96, -102, -102, -102, -109, -112, -119, -122, -125, -130, -133, -143, -146, -147, -153, -161, -170, -175, -176, -177, -178, -180, -185, -187, -188, -188, -191, -192, -193, -197, -203, -208, -211, -211, -216, -226, -236, -246, -256, -265, -266, -267, -270, -276, -277, -280, -281, -283, -284, -288, -294, -295, -298, -299, -300, -304, -310, -314, -315, -320, -327, -330, -331, -332, -336, -338, -343, -345, -348, -355, -357, -361, -361, -366, -371, -377, -385, -390, -395, -404, -411, -414, 
9, 12, 11, 1, -6, -15, -25, -28, -28, -33, -34, -41, -46, -48, -55, -65, -67, -72, -76, -82, -84, -84, -88, -96, -106, -114, -117, -118, -119, -120, -123, -127, -127, -132, -138, -141, -145, -155, -160, -164, -169, -171, -173, -182, -190, -193, -200, -210, -220, -224, -225, -227, -228, -233, -243, -253, -256, -258, -266, -268, -276, -283, -284, -288, -289, -295, -301, -309, -311, -311, -312, -313, -316, -318, -325, -330, -330, -337, -339, -339, -347, -357, -367, -368, -375, -379, -380, -390, -398, -405, -415, -425, -431, -433, -435, -437, -444, -448, -453, -458, 
10, 15, 14, 11, 8, 6, 2, 0, -3, -5, -10, -11, -15, -20, -30, -40, -50, -60, -70, -80, -89, -94, -96, -105, -110, -116, -123, -132, -135, -142, -152, -162, -169, -171, -172, -176, -181, -186, -189, -195, -202, -204, -204, -205, -206, -212, -218, -226, -232, -232, -242, -251, -251, -253, -253, -257, -259, -259, -260, -262, -271, -275, -280, -280, -280, -283, -289, -290, -298, -298, -304, -307, -307, -312, -315, -318, -319, -321, -323, -329, -339, -345, -346, -350, -350, -355, -364, -374, -380, -390, -396, -401, -404, -404, -411, -417, -418, -422, -428, -430, 
10, 14, 12, 4, 2, -3, -13, -19, -22, -29, -32, -38, -44, -45, -50, -50, -51, -56, -60, -63, -66, -69, -72, -77, -87, -97, -99, -105, -114, -117, -126, -132, -137, -140, -140, -145, -147, -150, -151, -151, -155, -159, -160, -166, -167, -171, -172, -172, -175, -175, -180, -184, -188, -198, -208, -211, -212, -219, -227, -232, -236, -239, -245, -251, -252, -253, -255, -256, -258, -261, -262, -269, -273, -278, -283, -286, -287, -288, -291, -297, -304, -305, -312, -316, -326, -328, -328, -330, -331, -334, -339, -347, -348, -350, -353, -354, -354, -355, -357, -358, 
3, 3, -2, -7, -17, -24, -32, -39, -41, -47, -47, -50, -59, -60, -65, -66, -68, -68, -73, -78, -85, -85, -93, -103, -105, -109, -112, -115, -116, -119, -119, -120, -122, -123, -125, -126, -129, -134, -137, -141, -149, -159, -169, -172, -173, -176, -177, -181, -187, -197, -204, -208, -210, -217, -227, -230, -235, -239, -244, -246, -250, -252, -252, -257, -261, -268, -269, -274, -277, -278, -279, -281, -284, -289, -292, -300, -310, -320, -325, -328, -331, -341, -351, -361, -371, -381, -391, -400, -403, -406, -411, -415, -419, -420, -424, -427, -430, -436, -440, -447, 
4, -1, -11, -19, -22, -22, -25, -26, -32, -39, -46, -52, -62, -66, -73, -82, -92, -95, -95, -97, -97, -105, -112, -117, -126, -130, -138, -140, -140, -141, -141, -146, -152, -153, -160, -162, -167, -168, -174, -179, -184, -193, -203, -207, -215, -224, -230, -234, -240, -247, -251, -253, -254, -255, -259, -259, -261, -263, -269, -271, -273, -275, -277, -279, -283, -283, -284, -286, -286, -289, -289, -291, -293, -300, -304, -308, -313, -315, -315, -317, -318, -318, -324, -326, -331, -340, -347, -348, -352, -357, -364, -368, -374, -381, -391, -401, -404, -409, -413, -414, 
10, 10, 10, 4, -5, -12, -20, -23, -26, -26, -26, -27, -28, -29, -31, -38, -39, -39, -41, -42, -52, -62, -64, -66, -68, -77, -77, -82, -86, -90, -93, -94, -98, -98, -102, -102, -107, -110, -117, -121, -123, -125, -125, -125, -128, -133, -139, -144, -150, -152, -159, -161, -163, -172, -181, -188, -189, -189, -189, -189, -198, -208, -214, -218, -228, -237, -239, -249, -252, -258, -260, -260, -264, -270, -276, -278, -283, -292, -302, -306, -309, -310, -311, -319, -323, -324, -325, -327, -331, -335, -336, -339, -348, -349, -350, -352, -356, -357, -364, -374, 
6, -1, -1, -6, -12, -12, -16, -25, -30, -32, -34, -36, -37, -39, -46, -49, -55, -56, -63, -70, -70, -70, -72, -75, -75, -76, -81, -86, -88, -91, -94, -100, -105, -106, -107, -113, -115, -118, -120, -123, -126, -127, -127, -129, -135, -145, -153, -163, -171, -173, -178, -188, -198, -206, -210, -212, -218, -220, -227, -237, -244, -248, -253, -263, -273, -278, -281, -290, -298, -299, -299, -299, -308, -315, -319, -321, -321, -328, -328, -329, -333, -335, -338, -340, -341, -343, -353, -360, -363, -365, -370, -380, -387, -393, -393, -401, -411, -412, -415, -419, 
10, 16, 12, 2, -4, -7, -10, -10, -14, -19, -22, -24, -31, -35, -37, -37, -37, -37, -43, -46, -52, -54, -55, -55, -62, -66, -68, -71, -73, -74, -74, -76, -80, -85, -90, -100, -108, -112, -119, -123, -127, -131, -139, -143, -151, -154, -158, -162, -165, -167, -175, -183, -186, -188, -189, -193, -197, -202, -205, -208, -213, -217, -219, -223, -233, -237, -243, -248, -249, -252, -254, -256, -259, -261, -266, -266, -267, -273, -282, -289, -292, -292, -292, -292, -301, -302, -303, -306, -306, -307, -312, -314, -321, -322, -328, -332, -332, -333, -335, -340, 
